0,46.829560,29.484580
0,46.829541,29.484725
1,46.829523,29.484870
2,46.829504,29.485015
3,46.829485,29.485160
3,46.829466,29.485305
4,46.829448,29.485450
5,46.829429,29.485595
6,46.829410,29.485740
6,46.829410,29.485740
6,46.829393,29.485876
7,46.829376,29.486011
8,46.829359,29.486147
9,46.829341,29.486283
10,46.829324,29.486419
11,46.829307,29.486554
12,46.829290,29.486690
12,46.829290,29.486690
18,46.829270,29.486890
18,46.829270,29.486890
24,46.829250,29.487020
24,46.829250,29.487020
27,46.829235,29.487150
30,46.829220,29.487280
30,46.829220,29.487280
32,46.829207,29.487423
34,46.829193,29.487567
36,46.829180,29.487710
36,46.829180,29.487710
36,46.829280,29.487705
36,46.829380,29.487700
37,46.829480,29.487695
37,46.829580,29.487690
38,46.829680,29.487685
38,46.829780,29.487680
38,46.829780,29.487680
41,46.829930,29.487690
41,46.829930,29.487690
43,46.830000,29.487690
43,46.830000,29.487690
44,46.830105,29.487700
46,46.830210,29.487710
46,46.830210,29.487710
48,46.830320,29.487720
48,46.830320,29.487720
51,46.830400,29.487730
51,46.830400,29.487730
53,46.830570,29.487740
53,46.830570,29.487740
53,46.830668,29.487750
54,46.830767,29.487760
54,46.830865,29.487770
55,46.830963,29.487780
55,46.831062,29.487790
56,46.831160,29.487800
56,46.831160,29.487800
58,46.831200,29.487810
58,46.831200,29.487810
61,46.831290,29.487895
64,46.831380,29.487980
64,46.831380,29.487980
70,46.831480,29.488060
70,46.831480,29.488060
76,46.831570,29.488150
76,46.831570,29.488150
83,46.831670,29.488270
83,46.831670,29.488270
89,46.831760,29.488410
89,46.831760,29.488410
95,46.831820,29.488550
95,46.831820,29.488550
101,46.831880,29.488690
101,46.831880,29.488690
107,46.831920,29.488830
107,46.831920,29.488830
113,46.831960,29.489000
113,46.831960,29.489000
119,46.831990,29.489200
119,46.831990,29.489200
125,46.832010,29.489370
125,46.832010,29.489370
132,46.832030,29.489540
132,46.832030,29.489540
134,46.832047,29.489697
136,46.832063,29.489853
138,46.832080,29.490010
138,46.832080,29.490010
138,46.832097,29.490144
139,46.832114,29.490278
139,46.832131,29.490412
140,46.832148,29.490546
141,46.832165,29.490680
141,46.832182,29.490814
142,46.832199,29.490948
143,46.832216,29.491082
143,46.832233,29.491216
144,46.832250,29.491350
144,46.832250,29.491350
144,46.832267,29.491491
145,46.832285,29.491632
145,46.832302,29.491773
146,46.832319,29.491914
147,46.832336,29.492055
147,46.832354,29.492195
148,46.832371,29.492336
148,46.832388,29.492477
149,46.832405,29.492618
149,46.832423,29.492759
150,46.832440,29.492900
150,46.832440,29.492900
150,46.832455,29.493035
151,46.832470,29.493169
151,46.832485,29.493303
151,46.832500,29.493438
151,46.832515,29.493572
152,46.832530,29.493707
152,46.832545,29.493841
152,46.832560,29.493976
153,46.832575,29.494110
153,46.832590,29.494245
153,46.832605,29.494380
154,46.832620,29.494514
154,46.832635,29.494649
154,46.832650,29.494783
154,46.832665,29.494917
155,46.832680,29.495052
155,46.832695,29.495186
155,46.832710,29.495321
156,46.832725,29.495455
156,46.832740,29.495590
156,46.832740,29.495590
156,46.832756,29.495727
157,46.832771,29.495863
157,46.832787,29.496000
157,46.832802,29.496137
158,46.832818,29.496273
158,46.832833,29.496410
158,46.832849,29.496547
159,46.832864,29.496683
159,46.832880,29.496820
159,46.832896,29.496957
160,46.832911,29.497093
160,46.832927,29.497230
160,46.832942,29.497367
161,46.832958,29.497503
161,46.832973,29.497640
161,46.832989,29.497777
162,46.833004,29.497913
162,46.833020,29.498050
162,46.833020,29.498050
163,46.833037,29.498191
164,46.833055,29.498333
164,46.833073,29.498474
165,46.833090,29.498615
166,46.833107,29.498756
167,46.833125,29.498897
168,46.833143,29.499039
168,46.833160,29.499180
168,46.833160,29.499180
169,46.833180,29.499323
170,46.833200,29.499466
171,46.833220,29.499609
172,46.833240,29.499751
173,46.833260,29.499894
174,46.833280,29.500037
174,46.833300,29.500180
174,46.833300,29.500180
175,46.833316,29.500314
176,46.833332,29.500447
177,46.833349,29.500581
177,46.833365,29.500715
178,46.833381,29.500849
179,46.833398,29.500982
180,46.833414,29.501116
181,46.833430,29.501250
181,46.833430,29.501250
181,46.833449,29.501379
182,46.833467,29.501507
183,46.833486,29.501636
184,46.833505,29.501765
184,46.833524,29.501894
185,46.833543,29.502022
186,46.833561,29.502151
187,46.833580,29.502280
187,46.833580,29.502280
188,46.833605,29.502428
189,46.833630,29.502577
190,46.833655,29.502725
191,46.833680,29.502873
192,46.833705,29.503022
193,46.833730,29.503170
193,46.833730,29.503170
194,46.833751,29.503310
194,46.833773,29.503450
195,46.833794,29.503590
196,46.833815,29.503730
197,46.833836,29.503870
197,46.833858,29.504010
198,46.833879,29.504150
199,46.833900,29.504290
199,46.833900,29.504290
200,46.833920,29.504421
200,46.833940,29.504553
201,46.833960,29.504684
202,46.833980,29.504815
203,46.834000,29.504946
203,46.834020,29.505077
204,46.834040,29.505209
205,46.834060,29.505340
205,46.834060,29.505340
208,46.834085,29.505470
211,46.834110,29.505600
211,46.834110,29.505600
217,46.834150,29.505850
217,46.834150,29.505850
223,46.834180,29.506020
223,46.834180,29.506020
224,46.834206,29.506149
225,46.834232,29.506277
226,46.834259,29.506406
226,46.834285,29.506535
227,46.834311,29.506664
228,46.834338,29.506792
229,46.834364,29.506921
230,46.834390,29.507050
230,46.834390,29.507050
230,46.834416,29.507192
231,46.834443,29.507335
232,46.834469,29.507478
233,46.834495,29.507620
233,46.834521,29.507762
234,46.834547,29.507905
235,46.834574,29.508047
236,46.834600,29.508190
236,46.834600,29.508190
237,46.834628,29.508345
239,46.834655,29.508500
240,46.834682,29.508655
242,46.834710,29.508810
242,46.834710,29.508810
243,46.834730,29.508940
245,46.834750,29.509070
246,46.834770,29.509200
248,46.834790,29.509330
248,46.834790,29.509330
251,46.834835,29.509500
254,46.834880,29.509670
254,46.834880,29.509670
255,46.834896,29.509800
256,46.834913,29.509930
256,46.834929,29.510060
257,46.834945,29.510190
258,46.834961,29.510320
259,46.834977,29.510450
259,46.834994,29.510580
260,46.835010,29.510710
260,46.835010,29.510710
261,46.835025,29.510840
262,46.835040,29.510970
263,46.835055,29.511100
264,46.835070,29.511230
265,46.835085,29.511360
266,46.835100,29.511490
266,46.835100,29.511490
267,46.835118,29.511623
268,46.835136,29.511756
268,46.835154,29.511889
269,46.835172,29.512022
269,46.835190,29.512155
270,46.835208,29.512288
271,46.835226,29.512421
271,46.835244,29.512554
272,46.835262,29.512687
272,46.835280,29.512820
272,46.835280,29.512820
273,46.835296,29.512962
274,46.835312,29.513104
274,46.835328,29.513246
275,46.835344,29.513388
275,46.835360,29.513530
276,46.835376,29.513672
277,46.835392,29.513814
277,46.835408,29.513956
278,46.835424,29.514098
279,46.835440,29.514240
279,46.835440,29.514240
281,46.835453,29.514383
283,46.835467,29.514527
285,46.835480,29.514670
285,46.835480,29.514670
288,46.835490,29.514830
291,46.835500,29.514990
291,46.835500,29.514990
292,46.835498,29.515148
294,46.835495,29.515305
295,46.835493,29.515462
297,46.835490,29.515620
297,46.835490,29.515620
297,46.835488,29.515753
298,46.835486,29.515886
298,46.835484,29.516019
299,46.835481,29.516151
299,46.835479,29.516284
300,46.835477,29.516417
300,46.835475,29.516550
300,46.835473,29.516683
301,46.835471,29.516816
301,46.835469,29.516949
302,46.835466,29.517081
302,46.835464,29.517214
303,46.835462,29.517347
303,46.835460,29.517480
303,46.835460,29.517480
309,46.835460,29.517500
309,46.835460,29.517500
310,46.835460,29.517634
310,46.835460,29.517767
310,46.835460,29.517901
311,46.835460,29.518034
311,46.835460,29.518168
311,46.835460,29.518301
312,46.835460,29.518435
312,46.835460,29.518568
312,46.835460,29.518702
313,46.835460,29.518835
313,46.835460,29.518969
313,46.835460,29.519102
314,46.835460,29.519236
314,46.835460,29.519369
315,46.835460,29.519503
315,46.835460,29.519636
315,46.835460,29.519770
315,46.835460,29.519770
316,46.835459,29.519904
316,46.835459,29.520038
317,46.835458,29.520172
317,46.835457,29.520306
317,46.835457,29.520440
318,46.835456,29.520574
318,46.835455,29.520708
319,46.835455,29.520842
319,46.835454,29.520976
319,46.835453,29.521110
320,46.835453,29.521244
320,46.835452,29.521378
321,46.835451,29.521512
321,46.835451,29.521646
321,46.835450,29.521780
321,46.835450,29.521780
323,46.835450,29.521943
324,46.835450,29.522105
326,46.835450,29.522267
328,46.835450,29.522430
328,46.835450,29.522430
328,46.835452,29.522564
329,46.835454,29.522698
329,46.835456,29.522832
330,46.835458,29.522966
331,46.835460,29.523100
331,46.835462,29.523234
332,46.835464,29.523368
332,46.835466,29.523502
333,46.835468,29.523636
334,46.835470,29.523770
334,46.835470,29.523770
336,46.835470,29.523907
338,46.835470,29.524043
340,46.835470,29.524180
340,46.835470,29.524180
346,46.835470,29.524300
346,46.835470,29.524300
348,46.835470,29.524463
350,46.835470,29.524627
352,46.835470,29.524790
352,46.835470,29.524790
354,46.835480,29.524950
356,46.835490,29.525110
358,46.835500,29.525270
358,46.835500,29.525270
364,46.835500,29.525350
364,46.835500,29.525350
370,46.835510,29.525530
370,46.835510,29.525530
372,46.835520,29.525668
373,46.835530,29.525805
375,46.835540,29.525942
377,46.835550,29.526080
377,46.835550,29.526080
377,46.835566,29.526211
378,46.835583,29.526342
378,46.835599,29.526473
379,46.835615,29.526604
379,46.835632,29.526735
380,46.835648,29.526865
380,46.835665,29.526996
381,46.835681,29.527127
382,46.835697,29.527258
382,46.835714,29.527389
383,46.835730,29.527520
383,46.835730,29.527520
383,46.835746,29.527651
383,46.835762,29.527781
384,46.835778,29.527911
384,46.835794,29.528042
384,46.835810,29.528173
385,46.835826,29.528303
385,46.835842,29.528433
385,46.835858,29.528564
385,46.835874,29.528695
386,46.835890,29.528825
386,46.835906,29.528955
386,46.835922,29.529086
387,46.835938,29.529217
387,46.835954,29.529347
387,46.835970,29.529477
388,46.835986,29.529608
388,46.836002,29.529739
388,46.836018,29.529869
389,46.836034,29.529999
389,46.836050,29.530130
389,46.836050,29.530130
392,46.836065,29.530300
395,46.836080,29.530470
395,46.836080,29.530470
395,46.836090,29.530601
395,46.836100,29.530732
395,46.836111,29.530863
396,46.836121,29.530994
396,46.836131,29.531125
396,46.836141,29.531256
396,46.836152,29.531387
396,46.836162,29.531518
396,46.836172,29.531649
396,46.836182,29.531780
397,46.836193,29.531910
397,46.836203,29.532041
397,46.836213,29.532172
397,46.836223,29.532303
397,46.836234,29.532434
397,46.836244,29.532565
397,46.836254,29.532696
398,46.836264,29.532827
398,46.836275,29.532958
398,46.836285,29.533089
398,46.836295,29.533220
398,46.836305,29.533351
398,46.836315,29.533482
398,46.836326,29.533613
399,46.836336,29.533744
399,46.836346,29.533875
399,46.836356,29.534006
399,46.836367,29.534137
399,46.836377,29.534268
399,46.836387,29.534399
399,46.836397,29.534530
400,46.836408,29.534660
400,46.836418,29.534791
400,46.836428,29.534922
400,46.836438,29.535053
400,46.836449,29.535184
400,46.836459,29.535315
400,46.836469,29.535446
401,46.836479,29.535577
401,46.836490,29.535708
401,46.836500,29.535839
401,46.836510,29.535970
401,46.836510,29.535970
407,46.836520,29.536150
407,46.836520,29.536150
409,46.836533,29.536310
410,46.836545,29.536470
412,46.836557,29.536630
413,46.836570,29.536790
413,46.836570,29.536790
416,46.836585,29.536965
419,46.836600,29.537140
419,46.836600,29.537140
423,46.836610,29.537315
426,46.836620,29.537490
426,46.836620,29.537490
426,46.836630,29.537636
427,46.836640,29.537781
428,46.836650,29.537927
429,46.836660,29.538073
430,46.836670,29.538219
431,46.836680,29.538364
432,46.836690,29.538510
432,46.836690,29.538510
432,46.836696,29.538647
432,46.836702,29.538784
433,46.836709,29.538921
433,46.836715,29.539059
433,46.836721,29.539196
433,46.836727,29.539333
434,46.836733,29.539470
434,46.836740,29.539607
434,46.836746,29.539744
435,46.836752,29.539881
435,46.836758,29.540019
435,46.836764,29.540156
435,46.836770,29.540293
436,46.836777,29.540430
436,46.836783,29.540567
436,46.836789,29.540704
437,46.836795,29.540841
437,46.836801,29.540979
437,46.836808,29.541116
438,46.836814,29.541253
438,46.836820,29.541390
438,46.836820,29.541390
438,46.836825,29.541522
438,46.836829,29.541654
439,46.836834,29.541786
439,46.836838,29.541918
439,46.836843,29.542050
439,46.836848,29.542182
439,46.836852,29.542313
440,46.836857,29.542445
440,46.836862,29.542577
440,46.836866,29.542709
440,46.836871,29.542841
441,46.836875,29.542973
441,46.836880,29.543105
441,46.836885,29.543237
441,46.836889,29.543369
442,46.836894,29.543501
442,46.836898,29.543633
442,46.836903,29.543765
442,46.836908,29.543897
443,46.836912,29.544028
443,46.836917,29.544160
443,46.836922,29.544292
443,46.836926,29.544424
443,46.836931,29.544556
444,46.836935,29.544688
444,46.836940,29.544820
444,46.836940,29.544820
445,46.836945,29.544967
446,46.836950,29.545113
447,46.836955,29.545260
448,46.836960,29.545407
449,46.836965,29.545553
450,46.836970,29.545700
450,46.836970,29.545700
451,46.836969,29.545834
452,46.836967,29.545969
453,46.836966,29.546103
454,46.836964,29.546237
454,46.836963,29.546371
455,46.836961,29.546506
456,46.836960,29.546640
456,46.836960,29.546640
457,46.836959,29.546772
457,46.836957,29.546904
457,46.836956,29.547036
458,46.836955,29.547168
458,46.836954,29.547299
458,46.836952,29.547431
459,46.836951,29.547563
459,46.836950,29.547695
460,46.836949,29.547827
460,46.836948,29.547959
460,46.836946,29.548091
461,46.836945,29.548222
461,46.836944,29.548354
462,46.836942,29.548486
462,46.836941,29.548618
462,46.836940,29.548750
462,46.836940,29.548750
463,46.836938,29.548884
463,46.836936,29.549019
463,46.836933,29.549153
464,46.836931,29.549288
464,46.836929,29.549422
464,46.836927,29.549557
465,46.836924,29.549691
465,46.836922,29.549826
465,46.836920,29.549960
466,46.836918,29.550094
466,46.836916,29.550229
466,46.836913,29.550363
467,46.836911,29.550498
467,46.836909,29.550632
467,46.836907,29.550767
468,46.836904,29.550901
468,46.836902,29.551036
468,46.836900,29.551170
468,46.836900,29.551170
470,46.836897,29.551305
472,46.836895,29.551440
473,46.836892,29.551575
475,46.836890,29.551710
475,46.836890,29.551710
475,46.836887,29.551847
475,46.836885,29.551984
475,46.836882,29.552121
476,46.836880,29.552258
476,46.836877,29.552395
476,46.836874,29.552532
476,46.836872,29.552669
477,46.836869,29.552806
477,46.836867,29.552943
477,46.836864,29.553080
478,46.836861,29.553217
478,46.836859,29.553353
478,46.836856,29.553490
478,46.836853,29.553627
479,46.836851,29.553764
479,46.836848,29.553901
479,46.836846,29.554038
479,46.836843,29.554175
480,46.836840,29.554312
480,46.836838,29.554449
480,46.836835,29.554586
480,46.836833,29.554723
481,46.836830,29.554860
481,46.836830,29.554860
482,46.836817,29.555015
484,46.836805,29.555170
485,46.836793,29.555325
487,46.836780,29.555480
487,46.836780,29.555480
493,46.836770,29.555600
493,46.836770,29.555600
494,46.836756,29.555731
494,46.836742,29.555862
495,46.836728,29.555993
495,46.836714,29.556124
496,46.836700,29.556255
497,46.836686,29.556386
497,46.836672,29.556517
498,46.836658,29.556648
498,46.836644,29.556779
499,46.836630,29.556910
499,46.836630,29.556910
501,46.836617,29.557050
503,46.836603,29.557190
505,46.836590,29.557330
505,46.836590,29.557330
506,46.836573,29.557459
506,46.836555,29.557588
507,46.836538,29.557717
507,46.836521,29.557846
508,46.836504,29.557975
509,46.836486,29.558105
509,46.836469,29.558234
510,46.836452,29.558363
510,46.836435,29.558492
511,46.836417,29.558621
511,46.836400,29.558750
511,46.836400,29.558750
512,46.836383,29.558885
513,46.836367,29.559020
514,46.836350,29.559155
515,46.836333,29.559290
516,46.836317,29.559425
517,46.836300,29.559560
517,46.836300,29.559560
518,46.836284,29.559697
519,46.836269,29.559834
520,46.836253,29.559971
521,46.836237,29.560109
522,46.836221,29.560246
523,46.836206,29.560383
524,46.836190,29.560520
524,46.836190,29.560520
530,46.836160,29.560770
530,46.836160,29.560770
531,46.836146,29.560904
532,46.836132,29.561038
533,46.836118,29.561172
535,46.836104,29.561306
536,46.836090,29.561440
536,46.836090,29.561440
538,46.836073,29.561580
540,46.836057,29.561720
542,46.836040,29.561860
542,46.836040,29.561860
543,46.836025,29.562001
543,46.836010,29.562143
544,46.835995,29.562284
545,46.835980,29.562425
546,46.835965,29.562566
547,46.835950,29.562707
547,46.835935,29.562849
548,46.835920,29.562990
548,46.835920,29.562990
550,46.835910,29.563163
552,46.835900,29.563337
554,46.835890,29.563510
554,46.835890,29.563510
556,46.835887,29.563647
558,46.835883,29.563783
560,46.835880,29.563920
560,46.835880,29.563920
562,46.835880,29.564063
564,46.835880,29.564207
566,46.835880,29.564350
566,46.835880,29.564350
573,46.835880,29.564590
573,46.835880,29.564590
579,46.835900,29.564780
579,46.835900,29.564780
581,46.835910,29.564933
583,46.835920,29.565087
585,46.835930,29.565240
585,46.835930,29.565240
586,46.835943,29.565375
587,46.835957,29.565510
588,46.835970,29.565645
589,46.835983,29.565780
590,46.835997,29.565915
591,46.836010,29.566050
591,46.836010,29.566050
591,46.836024,29.566187
592,46.836037,29.566324
592,46.836051,29.566461
592,46.836065,29.566597
593,46.836078,29.566734
593,46.836092,29.566871
593,46.836106,29.567008
594,46.836119,29.567145
594,46.836133,29.567282
594,46.836147,29.567418
595,46.836161,29.567555
595,46.836174,29.567692
595,46.836188,29.567829
595,46.836202,29.567966
596,46.836215,29.568103
596,46.836229,29.568239
596,46.836243,29.568376
597,46.836256,29.568513
597,46.836270,29.568650
597,46.836270,29.568650
597,46.836283,29.568782
598,46.836296,29.568914
598,46.836308,29.569047
598,46.836321,29.569179
599,46.836334,29.569311
599,46.836347,29.569443
599,46.836359,29.569576
600,46.836372,29.569708
600,46.836385,29.569840
601,46.836398,29.569972
601,46.836411,29.570104
601,46.836423,29.570237
602,46.836436,29.570369
602,46.836449,29.570501
602,46.836462,29.570633
603,46.836474,29.570766
603,46.836487,29.570898
603,46.836500,29.571030
603,46.836500,29.571030
604,46.836512,29.571166
605,46.836524,29.571301
605,46.836537,29.571437
606,46.836549,29.571572
607,46.836561,29.571708
607,46.836573,29.571843
608,46.836586,29.571979
609,46.836598,29.572114
609,46.836610,29.572250
609,46.836610,29.572250
611,46.836626,29.572406
612,46.836642,29.572562
613,46.836658,29.572718
614,46.836674,29.572874
615,46.836690,29.573030
615,46.836690,29.573030
616,46.836703,29.573168
617,46.836716,29.573306
617,46.836729,29.573444
618,46.836742,29.573582
619,46.836755,29.573720
619,46.836768,29.573858
620,46.836781,29.573996
620,46.836794,29.574134
621,46.836807,29.574272
622,46.836820,29.574410
622,46.836820,29.574410
624,46.836837,29.574583
626,46.836853,29.574757
628,46.836870,29.574930
628,46.836870,29.574930
634,46.836890,29.575170
634,46.836890,29.575170
635,46.836902,29.575302
636,46.836913,29.575433
637,46.836925,29.575565
638,46.836937,29.575697
639,46.836948,29.575828
640,46.836960,29.575960
640,46.836960,29.575960
641,46.836975,29.576105
642,46.836990,29.576250
642,46.837005,29.576395
643,46.837020,29.576540
644,46.837035,29.576685
645,46.837050,29.576830
645,46.837065,29.576975
646,46.837080,29.577120
646,46.837080,29.577120
647,46.837094,29.577250
648,46.837108,29.577380
648,46.837121,29.577510
649,46.837135,29.577640
650,46.837149,29.577770
651,46.837162,29.577900
651,46.837176,29.578030
652,46.837190,29.578160
652,46.837190,29.578160
653,46.837209,29.578305
654,46.837227,29.578450
655,46.837246,29.578595
655,46.837265,29.578740
656,46.837284,29.578885
657,46.837302,29.579030
658,46.837321,29.579175
658,46.837340,29.579320
658,46.837340,29.579320
659,46.837361,29.579460
660,46.837382,29.579600
661,46.837404,29.579740
661,46.837425,29.579880
662,46.837446,29.580020
663,46.837468,29.580160
664,46.837489,29.580300
664,46.837510,29.580440
664,46.837510,29.580440
665,46.837528,29.580572
666,46.837545,29.580705
667,46.837562,29.580837
668,46.837580,29.580970
668,46.837598,29.581103
669,46.837615,29.581235
670,46.837632,29.581367
671,46.837650,29.581500
671,46.837650,29.581500
671,46.837669,29.581645
672,46.837688,29.581790
673,46.837706,29.581935
674,46.837725,29.582080
674,46.837744,29.582225
675,46.837762,29.582370
676,46.837781,29.582515
677,46.837800,29.582660
677,46.837800,29.582660
678,46.837820,29.582807
678,46.837840,29.582954
679,46.837860,29.583101
680,46.837880,29.583249
681,46.837900,29.583396
682,46.837920,29.583543
683,46.837940,29.583690
683,46.837940,29.583690
683,46.837958,29.583819
684,46.837976,29.583949
684,46.837994,29.584078
684,46.838012,29.584207
685,46.838030,29.584337
685,46.838048,29.584466
686,46.838066,29.584595
686,46.838084,29.584725
687,46.838102,29.584854
687,46.838120,29.584983
687,46.838138,29.585113
688,46.838156,29.585242
688,46.838174,29.585371
689,46.838192,29.585501
689,46.838210,29.585630
689,46.838210,29.585630
690,46.838228,29.585766
690,46.838246,29.585901
691,46.838263,29.586037
692,46.838281,29.586172
692,46.838299,29.586308
693,46.838317,29.586443
694,46.838334,29.586579
694,46.838352,29.586714
695,46.838370,29.586850
695,46.838370,29.586850
696,46.838387,29.586988
696,46.838403,29.587126
697,46.838420,29.587263
698,46.838437,29.587401
699,46.838453,29.587539
699,46.838470,29.587677
700,46.838487,29.587814
701,46.838503,29.587952
701,46.838520,29.588090
701,46.838520,29.588090
703,46.838543,29.588260
705,46.838567,29.588430
707,46.838590,29.588600
707,46.838590,29.588600
709,46.838605,29.588740
710,46.838620,29.588880
712,46.838635,29.589020
713,46.838650,29.589160
713,46.838650,29.589160
717,46.838670,29.589300
720,46.838690,29.589440
720,46.838690,29.589440
722,46.838703,29.589603
724,46.838717,29.589767
726,46.838730,29.589930
726,46.838730,29.589930
732,46.838740,29.590020
732,46.838740,29.590020
735,46.838710,29.590140
735,46.838710,29.590140
738,46.838680,29.590300
738,46.838680,29.590300
741,46.838670,29.590420
741,46.838670,29.590420
744,46.838650,29.590580
744,46.838650,29.590580
748,46.838620,29.590710
748,46.838620,29.590710
751,46.838570,29.590860
751,46.838570,29.590860
754,46.838500,29.591080
754,46.838500,29.591080
755,46.838430,29.591200
755,46.838360,29.591320
756,46.838290,29.591440
756,46.838220,29.591560
757,46.838150,29.591680
757,46.838150,29.591680
758,46.838080,29.591800
759,46.838010,29.591920
760,46.837940,29.592040
760,46.837940,29.592040
760,46.837880,29.592150
761,46.837820,29.592260
761,46.837760,29.592370
761,46.837700,29.592480
761,46.837640,29.592590
762,46.837580,29.592700
762,46.837520,29.592810
762,46.837460,29.592920
763,46.837400,29.593030
763,46.837340,29.593140
763,46.837280,29.593250
763,46.837220,29.593360
763,46.837220,29.593360
764,46.837158,29.593472
764,46.837096,29.593584
764,46.837034,29.593696
765,46.836972,29.593808
765,46.836910,29.593920
765,46.836848,29.594032
766,46.836786,29.594144
766,46.836724,29.594256
766,46.836662,29.594368
766,46.836600,29.594480
766,46.836600,29.594480
767,46.836540,29.594592
768,46.836480,29.594704
768,46.836420,29.594816
769,46.836360,29.594928
770,46.836300,29.595040
770,46.836300,29.595040
771,46.836223,29.595170
772,46.836147,29.595300
773,46.836070,29.595430
773,46.836070,29.595430
774,46.835993,29.595503
775,46.835917,29.595577
776,46.835840,29.595650
776,46.835840,29.595650
777,46.835755,29.595735
779,46.835670,29.595820
779,46.835670,29.595820
782,46.835550,29.595950
782,46.835550,29.595950
785,46.835490,29.596030
785,46.835490,29.596030
788,46.835440,29.596100
788,46.835440,29.596100
792,46.835410,29.596150
792,46.835410,29.596150
795,46.835370,29.596210
795,46.835370,29.596210
801,46.835350,29.596290
801,46.835350,29.596290
807,46.835330,29.596370
807,46.835330,29.596370
813,46.835320,29.596440
813,46.835320,29.596440
819,46.835320,29.596520
819,46.835320,29.596520
825,46.835320,29.596660
825,46.835320,29.596660
831,46.835320,29.596830
831,46.835320,29.596830
832,46.835322,29.596982
833,46.835323,29.597133
834,46.835325,29.597285
835,46.835327,29.597437
836,46.835328,29.597588
837,46.835330,29.597740
837,46.835330,29.597740
839,46.835333,29.597903
841,46.835337,29.598067
843,46.835340,29.598230
843,46.835340,29.598230
846,46.835340,29.598415
850,46.835340,29.598600
850,46.835340,29.598600
850,46.835347,29.598734
850,46.835354,29.598869
851,46.835361,29.599003
851,46.835368,29.599138
851,46.835374,29.599272
852,46.835381,29.599406
852,46.835388,29.599541
853,46.835395,29.599675
853,46.835402,29.599809
853,46.835409,29.599944
854,46.835416,29.600078
854,46.835422,29.600213
854,46.835429,29.600347
855,46.835436,29.600481
855,46.835443,29.600616
856,46.835450,29.600750
856,46.835450,29.600750
862,46.835460,29.600880
862,46.835460,29.600880
862,46.835466,29.601012
862,46.835472,29.601144
863,46.835479,29.601276
863,46.835485,29.601408
864,46.835491,29.601539
864,46.835498,29.601671
864,46.835504,29.601803
865,46.835510,29.601935
865,46.835516,29.602067
865,46.835522,29.602199
866,46.835529,29.602331
866,46.835535,29.602462
867,46.835541,29.602594
867,46.835548,29.602726
867,46.835554,29.602858
868,46.835560,29.602990
868,46.835560,29.602990
868,46.835566,29.603122
869,46.835572,29.603255
869,46.835579,29.603388
869,46.835585,29.603520
870,46.835591,29.603652
870,46.835597,29.603785
870,46.835604,29.603917
871,46.835610,29.604050
871,46.835616,29.604183
872,46.835622,29.604315
872,46.835629,29.604447
872,46.835635,29.604580
873,46.835641,29.604712
873,46.835648,29.604845
873,46.835654,29.604978
874,46.835660,29.605110
874,46.835660,29.605110
880,46.835670,29.605330
880,46.835670,29.605330
881,46.835678,29.605465
882,46.835687,29.605600
883,46.835695,29.605735
884,46.835703,29.605870
885,46.835712,29.606005
886,46.835720,29.606140
886,46.835720,29.606140
887,46.835727,29.606276
888,46.835734,29.606411
889,46.835741,29.606547
889,46.835749,29.606683
890,46.835756,29.606819
891,46.835763,29.606954
892,46.835770,29.607090
892,46.835770,29.607090
895,46.835770,29.607240
898,46.835770,29.607390
898,46.835770,29.607390
904,46.835770,29.607560
904,46.835770,29.607560
910,46.835760,29.607610
910,46.835760,29.607610
916,46.835740,29.607710
916,46.835740,29.607710
923,46.835730,29.607760
923,46.835730,29.607760
929,46.835720,29.607830
929,46.835720,29.607830
935,46.835710,29.607890
935,46.835710,29.607890
941,46.835710,29.607970
941,46.835710,29.607970
947,46.835720,29.608150
947,46.835720,29.608150
947,46.835726,29.608283
948,46.835732,29.608416
949,46.835738,29.608549
949,46.835744,29.608682
950,46.835750,29.608815
951,46.835756,29.608948
951,46.835762,29.609081
952,46.835768,29.609214
952,46.835774,29.609347
953,46.835780,29.609480
953,46.835780,29.609480
959,46.835790,29.609720
959,46.835790,29.609720
960,46.835797,29.609856
960,46.835804,29.609992
961,46.835811,29.610128
961,46.835818,29.610264
962,46.835825,29.610400
963,46.835832,29.610536
963,46.835839,29.610672
964,46.835846,29.610808
965,46.835853,29.610944
965,46.835860,29.611080
965,46.835860,29.611080
966,46.835866,29.611213
966,46.835872,29.611345
967,46.835877,29.611477
967,46.835883,29.611610
968,46.835889,29.611743
968,46.835895,29.611875
969,46.835901,29.612008
969,46.835907,29.612140
970,46.835912,29.612273
970,46.835918,29.612405
971,46.835924,29.612538
971,46.835930,29.612670
971,46.835930,29.612670
972,46.835936,29.612809
973,46.835941,29.612947
974,46.835947,29.613086
975,46.835953,29.613224
976,46.835959,29.613363
976,46.835964,29.613501
977,46.835970,29.613640
977,46.835970,29.613640
983,46.835980,29.613900
983,46.835980,29.613900
985,46.835988,29.614033
986,46.835995,29.614165
988,46.836002,29.614297
989,46.836010,29.614430
989,46.836010,29.614430
991,46.836016,29.614566
992,46.836022,29.614702
993,46.836028,29.614838
994,46.836034,29.614974
996,46.836040,29.615110
996,46.836040,29.615110
996,46.836046,29.615260
997,46.836051,29.615410
998,46.836057,29.615560
999,46.836063,29.615710
1000,46.836069,29.615860
1001,46.836074,29.616010
1002,46.836080,29.616160
1002,46.836080,29.616160
1002,46.836086,29.616301
1003,46.836091,29.616442
1004,46.836097,29.616583
1004,46.836102,29.616724
1005,46.836108,29.616866
1006,46.836113,29.617007
1006,46.836119,29.617148
1007,46.836124,29.617289
1008,46.836130,29.617430
1008,46.836130,29.617430
1008,46.836144,29.617560
1009,46.836157,29.617690
1010,46.836171,29.617820
1011,46.836185,29.617950
1012,46.836199,29.618080
1012,46.836212,29.618210
1013,46.836226,29.618340
1014,46.836240,29.618470
1014,46.836240,29.618470
1014,46.836253,29.618608
1015,46.836267,29.618746
1016,46.836280,29.618883
1017,46.836293,29.619021
1017,46.836307,29.619159
1018,46.836320,29.619297
1019,46.836333,29.619434
1019,46.836347,29.619572
1020,46.836360,29.619710
1020,46.836360,29.619710
1026,46.836370,29.619780
1026,46.836370,29.619780
1032,46.836370,29.619830
1032,46.836370,29.619830
1033,46.836382,29.619965
1034,46.836393,29.620100
1035,46.836405,29.620235
1036,46.836417,29.620370
1037,46.836428,29.620505
1038,46.836440,29.620640
1038,46.836440,29.620640
1041,46.836450,29.620805
1044,46.836460,29.620970
1044,46.836460,29.620970
1045,46.836468,29.621108
1046,46.836476,29.621246
1046,46.836483,29.621383
1047,46.836491,29.621521
1048,46.836499,29.621659
1048,46.836507,29.621797
1049,46.836514,29.621934
1050,46.836522,29.622072
1050,46.836530,29.622210
1050,46.836530,29.622210
1052,46.836538,29.622350
1053,46.836546,29.622490
1054,46.836554,29.622630
1055,46.836562,29.622770
1056,46.836570,29.622910
1056,46.836570,29.622910
1058,46.836580,29.623083
1060,46.836590,29.623257
1063,46.836600,29.623430
1063,46.836600,29.623430
1063,46.836606,29.623563
1064,46.836612,29.623696
1064,46.836618,29.623829
1065,46.836624,29.623962
1066,46.836630,29.624095
1066,46.836636,29.624228
1067,46.836642,29.624361
1067,46.836648,29.624494
1068,46.836654,29.624627
1069,46.836660,29.624760
1069,46.836660,29.624760
1070,46.836663,29.624910
1072,46.836665,29.625060
1073,46.836667,29.625210
1075,46.836670,29.625360
1075,46.836670,29.625360
1078,46.836675,29.625495
1081,46.836680,29.625630
1081,46.836680,29.625630
1082,46.836684,29.625786
1083,46.836688,29.625942
1084,46.836692,29.626098
1086,46.836696,29.626254
1087,46.836700,29.626410
1087,46.836700,29.626410
1088,46.836705,29.626545
1090,46.836710,29.626680
1091,46.836715,29.626815
1093,46.836720,29.626950
1093,46.836720,29.626950
1094,46.836727,29.627083
1094,46.836733,29.627217
1095,46.836740,29.627350
1096,46.836747,29.627483
1096,46.836753,29.627617
1097,46.836760,29.627750
1098,46.836767,29.627883
1098,46.836773,29.628017
1099,46.836780,29.628150
1099,46.836780,29.628150
1100,46.836786,29.628284
1101,46.836791,29.628419
1102,46.836797,29.628553
1102,46.836803,29.628687
1103,46.836809,29.628821
1104,46.836814,29.628956
1105,46.836820,29.629090
1105,46.836820,29.629090
1111,46.836830,29.629160
1111,46.836830,29.629160
1112,46.836837,29.629295
1112,46.836845,29.629431
1113,46.836852,29.629566
1113,46.836859,29.629702
1114,46.836866,29.629837
1115,46.836874,29.629973
1115,46.836881,29.630108
1116,46.836888,29.630244
1116,46.836895,29.630379
1117,46.836903,29.630515
1117,46.836910,29.630650
1117,46.836910,29.630650
1120,46.836915,29.630800
1123,46.836920,29.630950
1123,46.836920,29.630950
1129,46.836930,29.631210
1129,46.836930,29.631210
1130,46.836937,29.631343
1131,46.836943,29.631477
1132,46.836950,29.631610
1134,46.836957,29.631743
1135,46.836963,29.631877
1136,46.836970,29.632010
1136,46.836970,29.632010
1139,46.836970,29.632200
1142,46.836970,29.632390
1142,46.836970,29.632390
1143,46.836900,29.632508
1144,46.836830,29.632626
1145,46.836760,29.632744
1146,46.836690,29.632862
1148,46.836620,29.632980
1148,46.836620,29.632980
1149,46.836560,29.633080
1150,46.836500,29.633180
1151,46.836440,29.633280
1152,46.836380,29.633380
1153,46.836320,29.633480
1154,46.836260,29.633580
1154,46.836260,29.633580
1156,46.836187,29.633703
1158,46.836113,29.633827
1160,46.836040,29.633950
1160,46.836040,29.633950
1161,46.835974,29.634058
1162,46.835908,29.634166
1164,46.835842,29.634274
1165,46.835776,29.634382
1166,46.835710,29.634490
1166,46.835710,29.634490
1168,46.835643,29.634607
1170,46.835577,29.634723
1172,46.835510,29.634840
1172,46.835510,29.634840
1175,46.835435,29.634975
1178,46.835360,29.635110
1178,46.835360,29.635110
1179,46.835295,29.635223
1180,46.835230,29.635337
1181,46.835165,29.635450
1182,46.835100,29.635563
1183,46.835035,29.635677
1184,46.834970,29.635790
1184,46.834970,29.635790
1185,46.834911,29.635890
1185,46.834851,29.635990
1186,46.834792,29.636090
1186,46.834733,29.636190
1186,46.834674,29.636290
1187,46.834614,29.636390
1187,46.834555,29.636490
1188,46.834496,29.636590
1188,46.834436,29.636690
1189,46.834377,29.636790
1189,46.834318,29.636890
1189,46.834259,29.636990
1190,46.834199,29.637090
1190,46.834140,29.637190
1190,46.834140,29.637190
1191,46.834080,29.637294
1192,46.834020,29.637397
1193,46.833960,29.637501
1193,46.833900,29.637605
1194,46.833840,29.637709
1195,46.833780,29.637813
1196,46.833720,29.637916
1196,46.833660,29.638020
1196,46.833660,29.638020
1197,46.833597,29.638126
1198,46.833534,29.638231
1199,46.833471,29.638337
1200,46.833409,29.638443
1201,46.833346,29.638549
1202,46.833283,29.638654
1202,46.833220,29.638760
1202,46.833220,29.638760
1203,46.833156,29.638869
1204,46.833091,29.638977
1205,46.833027,29.639086
1206,46.832963,29.639194
1207,46.832899,29.639303
1208,46.832834,29.639411
1209,46.832770,29.639520
1209,46.832770,29.639520
1209,46.832712,29.639624
1210,46.832655,29.639727
1211,46.832597,29.639831
1212,46.832540,29.639935
1212,46.832482,29.640039
1213,46.832425,29.640143
1214,46.832367,29.640246
1215,46.832310,29.640350
1215,46.832310,29.640350
1215,46.832381,29.640439
1216,46.832453,29.640529
1217,46.832524,29.640618
1218,46.832596,29.640707
1218,46.832667,29.640796
1219,46.832739,29.640886
1220,46.832810,29.640975
1221,46.832881,29.641064
1222,46.832953,29.641154
1222,46.833024,29.641243
1223,46.833096,29.641332
1224,46.833167,29.641421
1225,46.833239,29.641511
1225,46.833310,29.641600
1225,46.833310,29.641600
1226,46.833379,29.641685
1227,46.833448,29.641770
1229,46.833517,29.641855
1230,46.833586,29.641940
1231,46.833655,29.642025
1232,46.833724,29.642110
1233,46.833793,29.642195
1234,46.833862,29.642280
1235,46.833931,29.642365
1236,46.834000,29.642450
1236,46.834000,29.642450
1236,46.833940,29.642551
1236,46.833880,29.642653
1237,46.833820,29.642754
1237,46.833760,29.642855
1237,46.833700,29.642957
1237,46.833640,29.643058
1237,46.833580,29.643159
1237,46.833520,29.643261
1238,46.833460,29.643362
1238,46.833400,29.643463
1238,46.833340,29.643565
1238,46.833280,29.643666
1238,46.833220,29.643767
1238,46.833160,29.643869
1239,46.833100,29.643970
1239,46.833100,29.643970
1239,46.833038,29.644076
1239,46.832975,29.644182
1240,46.832912,29.644289
1240,46.832850,29.644395
1240,46.832788,29.644501
1241,46.832725,29.644607
1241,46.832662,29.644714
1241,46.832600,29.644820
1241,46.832600,29.644820
1242,46.832536,29.644928
1242,46.832473,29.645036
1242,46.832409,29.645145
1242,46.832345,29.645253
1243,46.832282,29.645361
1243,46.832218,29.645469
1243,46.832155,29.645577
1243,46.832091,29.645685
1244,46.832027,29.645794
1244,46.831964,29.645902
1244,46.831900,29.646010
1244,46.831900,29.646010
1244,46.831833,29.646123
1245,46.831766,29.646236
1245,46.831699,29.646349
1246,46.831631,29.646461
1246,46.831564,29.646574
1246,46.831497,29.646687
1247,46.831430,29.646800
1247,46.831430,29.646800
1247,46.831366,29.646910
1247,46.831301,29.647020
1248,46.831237,29.647130
1248,46.831173,29.647240
1249,46.831109,29.647350
1249,46.831044,29.647460
1249,46.830980,29.647570
1249,46.830980,29.647570
1250,46.830917,29.647674
1250,46.830853,29.647778
1250,46.830790,29.647883
1250,46.830727,29.647987
1251,46.830663,29.648091
1251,46.830600,29.648195
1251,46.830537,29.648299
1251,46.830473,29.648403
1251,46.830410,29.648508
1252,46.830347,29.648612
1252,46.830283,29.648716
1252,46.830220,29.648820
1252,46.830220,29.648820
1255,46.830120,29.648980
1255,46.830120,29.648980
1255,46.830055,29.649088
1256,46.829990,29.649197
1256,46.829925,29.649305
1257,46.829860,29.649413
1257,46.829795,29.649522
1257,46.829730,29.649630
1257,46.829730,29.649630
1258,46.829669,29.649733
1258,46.829608,29.649837
1258,46.829547,29.649940
1259,46.829486,29.650043
1259,46.829424,29.650147
1259,46.829363,29.650250
1260,46.829302,29.650353
1260,46.829241,29.650457
1260,46.829180,29.650560
1260,46.829180,29.650560
1261,46.829110,29.650678
1261,46.829040,29.650795
1262,46.828970,29.650912
1263,46.828900,29.651030
1263,46.828900,29.651030
1263,46.828834,29.651140
1263,46.828769,29.651250
1264,46.828703,29.651360
1264,46.828638,29.651470
1264,46.828572,29.651580
1265,46.828507,29.651690
1265,46.828441,29.651800
1265,46.828376,29.651910
1265,46.828310,29.652020
1265,46.828310,29.652020
1266,46.828250,29.652119
1266,46.828190,29.652217
1267,46.828130,29.652316
1267,46.828070,29.652414
1267,46.828010,29.652513
1268,46.827950,29.652611
1268,46.827890,29.652710
1268,46.827890,29.652710
1271,46.827790,29.652870
1271,46.827790,29.652870
1272,46.827710,29.653000
1274,46.827630,29.653130
1274,46.827630,29.653130
1276,46.827580,29.653230
1276,46.827580,29.653230
1279,46.827540,29.653310
1279,46.827540,29.653310
1282,46.827470,29.653410
1282,46.827470,29.653410
1284,46.827380,29.653520
1284,46.827380,29.653520
1287,46.827260,29.653650
1287,46.827260,29.653650
1288,46.827180,29.653715
1290,46.827100,29.653780
1290,46.827100,29.653780
1290,46.827014,29.653836
1290,46.826928,29.653893
1291,46.826841,29.653949
1291,46.826755,29.654005
1291,46.826669,29.654061
1292,46.826583,29.654117
1292,46.826496,29.654174
1292,46.826410,29.654230
1292,46.826410,29.654230
1292,46.826328,29.654283
1293,46.826245,29.654336
1293,46.826163,29.654388
1293,46.826080,29.654441
1293,46.825998,29.654494
1293,46.825916,29.654547
1293,46.825833,29.654599
1293,46.825751,29.654652
1293,46.825668,29.654705
1293,46.825586,29.654758
1293,46.825503,29.654810
1293,46.825421,29.654863
1294,46.825339,29.654916
1294,46.825256,29.654969
1294,46.825174,29.655021
1294,46.825091,29.655074
1294,46.825009,29.655127
1294,46.824927,29.655180
1294,46.824844,29.655232
1294,46.824762,29.655285
1294,46.824679,29.655338
1294,46.824597,29.655391
1294,46.824514,29.655443
1295,46.824432,29.655496
1295,46.824350,29.655549
1295,46.824267,29.655602
1295,46.824185,29.655654
1295,46.824102,29.655707
1295,46.824020,29.655760
1295,46.824020,29.655760
1295,46.823933,29.655817
1295,46.823847,29.655873
1296,46.823760,29.655930
1296,46.823673,29.655987
1296,46.823587,29.656043
1296,46.823500,29.656100
1296,46.823413,29.656157
1296,46.823327,29.656213
1297,46.823240,29.656270
1297,46.823153,29.656327
1297,46.823067,29.656383
1297,46.822980,29.656440
1297,46.822893,29.656497
1298,46.822807,29.656553
1298,46.822720,29.656610
1298,46.822720,29.656610
1300,46.822560,29.656710
1300,46.822560,29.656710
1303,46.822430,29.656820
1303,46.822430,29.656820
1306,46.822370,29.656880
1306,46.822370,29.656880
1308,46.822340,29.656940
1308,46.822340,29.656940
1311,46.822320,29.656980
1311,46.822320,29.656980
1314,46.822300,29.657030
1314,46.822300,29.657030
1316,46.822280,29.657130
1316,46.822280,29.657130
1319,46.822260,29.657230
1319,46.822260,29.657230
1322,46.822270,29.657340
1322,46.822270,29.657340
1325,46.822270,29.657430
1325,46.822270,29.657430
1327,46.822280,29.657540
1327,46.822280,29.657540
1328,46.822302,29.657694
1328,46.822324,29.657848
1329,46.822346,29.658002
1329,46.822368,29.658156
1330,46.822390,29.658310
1330,46.822390,29.658310
1333,46.822420,29.658540
1333,46.822420,29.658540
1334,46.822445,29.658700
1335,46.822470,29.658860
1335,46.822470,29.658860
1337,46.822500,29.659005
1338,46.822530,29.659150
1338,46.822530,29.659150
1341,46.822580,29.659310
1341,46.822580,29.659310
1343,46.822630,29.659510
1343,46.822630,29.659510
1344,46.822663,29.659647
1345,46.822697,29.659783
1346,46.822730,29.659920
1346,46.822730,29.659920
1347,46.822763,29.660047
1348,46.822797,29.660173
1349,46.822830,29.660300
1349,46.822830,29.660300
1351,46.822860,29.660450
1351,46.822860,29.660450
1354,46.822910,29.660660
1354,46.822910,29.660660
1357,46.822930,29.660740
1357,46.822930,29.660740
1359,46.822950,29.660890
1359,46.822950,29.660890
1362,46.822980,29.661110
1362,46.822980,29.661110
1365,46.822990,29.661310
1365,46.822990,29.661310
1367,46.822990,29.661500
1367,46.822990,29.661500
1368,46.822992,29.661632
1369,46.822995,29.661765
1369,46.822997,29.661898
1370,46.823000,29.662030
1370,46.823000,29.662030
1373,46.823000,29.662130
1373,46.823000,29.662130
1374,46.823000,29.662270
1375,46.823000,29.662410
1375,46.823000,29.662550
1375,46.823000,29.662550
1378,46.823010,29.662700
1378,46.823010,29.662700
1381,46.823010,29.662930
1381,46.823010,29.662930
1384,46.823000,29.663090
1384,46.823000,29.663090
1386,46.822980,29.663240
1386,46.822980,29.663240
1389,46.822960,29.663360
1389,46.822960,29.663360
1392,46.822920,29.663480
1392,46.822920,29.663480
1394,46.822870,29.663600
1394,46.822870,29.663600
1397,46.822810,29.663680
1397,46.822810,29.663680
1400,46.822710,29.663780
1400,46.822710,29.663780
1401,46.822617,29.663853
1401,46.822523,29.663927
1402,46.822430,29.664000
1402,46.822430,29.664000
1403,46.822348,29.664056
1403,46.822266,29.664112
1404,46.822184,29.664168
1404,46.822102,29.664224
1405,46.822020,29.664280
1405,46.822020,29.664280
1405,46.821927,29.664343
1406,46.821834,29.664406
1406,46.821741,29.664469
1407,46.821649,29.664531
1407,46.821556,29.664594
1407,46.821463,29.664657
1408,46.821370,29.664720
1408,46.821370,29.664720
1408,46.821286,29.664778
1409,46.821202,29.664836
1409,46.821118,29.664894
1410,46.821034,29.664952
1410,46.820950,29.665010
1410,46.820950,29.665010
1413,46.820820,29.665110
1413,46.820820,29.665110
1416,46.820700,29.665220
1416,46.820700,29.665220
1417,46.820610,29.665305
1418,46.820520,29.665390
1418,46.820520,29.665390
1421,46.820400,29.665530
1421,46.820400,29.665530
1424,46.820300,29.665650
1424,46.820300,29.665650
1426,46.820200,29.665790
1426,46.820200,29.665790
1429,46.820140,29.665860
1429,46.820140,29.665860
1432,46.820070,29.665970
1432,46.820070,29.665970
1435,46.819990,29.666090
1435,46.819990,29.666090
1435,46.819925,29.666187
1436,46.819860,29.666285
1437,46.819795,29.666383
1437,46.819730,29.666480
1437,46.819730,29.666480
1439,46.819650,29.666610
1440,46.819570,29.666740
1440,46.819570,29.666740
1441,46.819495,29.666835
1443,46.819420,29.666930
1443,46.819420,29.666930
1444,46.819355,29.667030
1445,46.819290,29.667130
1445,46.819290,29.667130
1446,46.819223,29.667227
1447,46.819157,29.667323
1448,46.819090,29.667420
1448,46.819090,29.667420
1449,46.818995,29.667550
1451,46.818900,29.667680
1451,46.818900,29.667680
1453,46.818770,29.667840
1453,46.818770,29.667840
1456,46.818740,29.667870
1456,46.818740,29.667870
1459,46.818620,29.667980
1459,46.818620,29.667980
1461,46.818600,29.668000
1461,46.818600,29.668000
1464,46.818460,29.668090
1464,46.818460,29.668090
1467,46.818430,29.668120
1467,46.818430,29.668120
1468,46.818330,29.668175
1469,46.818230,29.668230
1469,46.818230,29.668230
1472,46.818120,29.668270
1472,46.818120,29.668270
1473,46.817990,29.668315
1475,46.817860,29.668360
1475,46.817860,29.668360
1476,46.817763,29.668383
1477,46.817667,29.668407
1477,46.817570,29.668430
1477,46.817570,29.668430
1479,46.817465,29.668455
1480,46.817360,29.668480
1480,46.817360,29.668480
1481,46.817258,29.668508
1481,46.817157,29.668537
1481,46.817055,29.668565
1482,46.816953,29.668593
1482,46.816852,29.668622
1483,46.816750,29.668650
1483,46.816750,29.668650
1483,46.816650,29.668682
1484,46.816550,29.668714
1484,46.816450,29.668746
1485,46.816350,29.668778
1486,46.816250,29.668810
1486,46.816250,29.668810
1486,46.816158,29.668832
1486,46.816067,29.668853
1487,46.815975,29.668875
1487,46.815883,29.668897
1488,46.815792,29.668918
1488,46.815700,29.668940
1488,46.815700,29.668940
1490,46.815595,29.668960
1491,46.815490,29.668980
1491,46.815490,29.668980
1494,46.815360,29.669010
1494,46.815360,29.669010
1495,46.815230,29.669030
1496,46.815100,29.669050
1496,46.815100,29.669050
1499,46.814930,29.669070
1499,46.814930,29.669070
1500,46.814830,29.669080
1502,46.814730,29.669090
1502,46.814730,29.669090
1502,46.814630,29.669093
1503,46.814530,29.669095
1504,46.814430,29.669097
1504,46.814330,29.669100
1504,46.814330,29.669100
1507,46.814240,29.669100
1507,46.814240,29.669100
1508,46.814140,29.669097
1508,46.814040,29.669095
1509,46.813940,29.669093
1510,46.813840,29.669090
1510,46.813840,29.669090
1510,46.813733,29.669085
1511,46.813625,29.669080
1512,46.813517,29.669075
1512,46.813410,29.669070
1512,46.813410,29.669070
1515,46.813340,29.669060
1515,46.813340,29.669060
1518,46.813190,29.669060
1518,46.813190,29.669060
1519,46.813085,29.669060
1520,46.812980,29.669060
1520,46.812980,29.669060
1523,46.812860,29.669050
1523,46.812860,29.669050
1523,46.812765,29.669048
1523,46.812669,29.669047
1524,46.812574,29.669045
1524,46.812478,29.669044
1524,46.812383,29.669042
1524,46.812288,29.669041
1525,46.812192,29.669039
1525,46.812097,29.669038
1525,46.812002,29.669036
1525,46.811906,29.669035
1525,46.811811,29.669033
1526,46.811715,29.669032
1526,46.811620,29.669030
1526,46.811620,29.669030
1526,46.811529,29.669026
1527,46.811437,29.669021
1527,46.811346,29.669017
1527,46.811254,29.669013
1528,46.811163,29.669009
1528,46.811071,29.669004
1528,46.810980,29.669000
1528,46.810980,29.669000
1531,46.810850,29.669020
1531,46.810850,29.669020
1534,46.810780,29.669040
1534,46.810780,29.669040
1536,46.810730,29.669040
1536,46.810730,29.669040
1539,46.810670,29.669060
1539,46.810670,29.669060
1542,46.810600,29.669090
1542,46.810600,29.669090
1545,46.810530,29.669130
1545,46.810530,29.669130
1546,46.810425,29.669185
1547,46.810320,29.669240
1547,46.810320,29.669240
1548,46.810210,29.669303
1549,46.810100,29.669367
1550,46.809990,29.669430
1550,46.809990,29.669430
1553,46.809890,29.669490
1553,46.809890,29.669490
1555,46.809770,29.669560
1555,46.809770,29.669560
1556,46.809687,29.669613
1557,46.809603,29.669667
1558,46.809520,29.669720
1558,46.809520,29.669720
1558,46.809437,29.669775
1559,46.809353,29.669830
1559,46.809270,29.669885
1560,46.809187,29.669940
1560,46.809103,29.669995
1561,46.809020,29.670050
1561,46.809020,29.670050
1561,46.808934,29.670108
1562,46.808848,29.670166
1562,46.808762,29.670224
1563,46.808676,29.670282
1563,46.808590,29.670340
1563,46.808590,29.670340
1566,46.808530,29.670380
1566,46.808530,29.670380
1566,46.808440,29.670440
1567,46.808350,29.670500
1567,46.808260,29.670560
1568,46.808170,29.670620
1568,46.808080,29.670680
1568,46.807990,29.670740
1569,46.807900,29.670800
1569,46.807900,29.670800
1569,46.807816,29.670858
1569,46.807732,29.670917
1569,46.807648,29.670975
1570,46.807565,29.671034
1570,46.807481,29.671092
1570,46.807397,29.671151
1570,46.807313,29.671209
1570,46.807229,29.671268
1571,46.807145,29.671326
1571,46.807062,29.671385
1571,46.806978,29.671443
1571,46.806894,29.671502
1571,46.806810,29.671560
1571,46.806810,29.671560
1572,46.806726,29.671615
1572,46.806643,29.671671
1572,46.806559,29.671726
1572,46.806475,29.671782
1573,46.806392,29.671837
1573,46.806308,29.671893
1573,46.806225,29.671948
1573,46.806141,29.672004
1574,46.806057,29.672059
1574,46.805974,29.672115
1574,46.805890,29.672170
1574,46.805890,29.672170
1574,46.805800,29.672225
1575,46.805710,29.672280
1575,46.805620,29.672335
1576,46.805530,29.672390
1576,46.805440,29.672445
1577,46.805350,29.672500
1577,46.805350,29.672500
1578,46.805260,29.672553
1579,46.805170,29.672607
1579,46.805080,29.672660
1579,46.805080,29.672660
1580,46.804989,29.672703
1580,46.804898,29.672747
1580,46.804807,29.672790
1580,46.804717,29.672833
1581,46.804626,29.672877
1581,46.804535,29.672920
1581,46.804444,29.672963
1581,46.804353,29.673007
1581,46.804263,29.673050
1582,46.804172,29.673093
1582,46.804081,29.673137
1582,46.803990,29.673180
1582,46.803990,29.673180
1585,46.803910,29.673220
1585,46.803910,29.673220
1585,46.803819,29.673258
1585,46.803728,29.673296
1586,46.803637,29.673333
1586,46.803546,29.673371
1586,46.803454,29.673409
1587,46.803363,29.673447
1587,46.803272,29.673484
1587,46.803181,29.673522
1587,46.803090,29.673560
1587,46.803090,29.673560
1588,46.802992,29.673592
1589,46.802894,29.673624
1589,46.802796,29.673656
1590,46.802698,29.673688
1590,46.802600,29.673720
1590,46.802600,29.673720
1591,46.802508,29.673742
1591,46.802416,29.673764
1592,46.802324,29.673786
1592,46.802232,29.673808
1593,46.802140,29.673830
1593,46.802140,29.673830
1594,46.802037,29.673857
1595,46.801933,29.673883
1596,46.801830,29.673910
1596,46.801830,29.673910
1597,46.801720,29.673945
1598,46.801610,29.673980
1598,46.801610,29.673980
1599,46.801506,29.674012
1599,46.801402,29.674044
1600,46.801298,29.674076
1600,46.801194,29.674108
1601,46.801090,29.674140
1601,46.801090,29.674140
1601,46.800992,29.674176
1602,46.800894,29.674212
1602,46.800796,29.674248
1603,46.800698,29.674284
1604,46.800600,29.674320
1604,46.800600,29.674320
1604,46.800512,29.674356
1605,46.800424,29.674392
1605,46.800336,29.674428
1606,46.800248,29.674464
1606,46.800160,29.674500
1606,46.800160,29.674500
1607,46.800070,29.674542
1608,46.799980,29.674585
1608,46.799890,29.674627
1609,46.799800,29.674670
1609,46.799800,29.674670
1609,46.799705,29.674720
1610,46.799610,29.674770
1610,46.799515,29.674820
1611,46.799420,29.674870
1611,46.799325,29.674920
1612,46.799230,29.674970
1612,46.799230,29.674970
1613,46.799130,29.675030
1614,46.799030,29.675090
1614,46.799030,29.675090
1615,46.798936,29.675143
1615,46.798841,29.675196
1615,46.798747,29.675249
1616,46.798653,29.675301
1616,46.798559,29.675354
1617,46.798464,29.675407
1617,46.798370,29.675460
1617,46.798370,29.675460
1618,46.798265,29.675510
1620,46.798160,29.675560
1620,46.798160,29.675560
1622,46.798030,29.675640
1622,46.798030,29.675640
1625,46.797920,29.675700
1625,46.797920,29.675700
1626,46.797830,29.675738
1626,46.797740,29.675776
1627,46.797650,29.675814
1627,46.797560,29.675852
1628,46.797470,29.675890
1628,46.797470,29.675890
1628,46.797380,29.675922
1629,46.797290,29.675954
1629,46.797200,29.675986
1630,46.797110,29.676018
1630,46.797020,29.676050
1630,46.797020,29.676050
1633,46.796850,29.676130
1633,46.796850,29.676130
1635,46.796760,29.676180
1636,46.796670,29.676230
1636,46.796670,29.676230
1639,46.796530,29.676320
1639,46.796530,29.676320
1641,46.796380,29.676410
1641,46.796380,29.676410
1644,46.796240,29.676510
1644,46.796240,29.676510
1647,46.796160,29.676560
1647,46.796160,29.676560
1649,46.796100,29.676610
1649,46.796100,29.676610
1650,46.796016,29.676676
1650,46.795931,29.676741
1651,46.795847,29.676807
1651,46.795763,29.676873
1651,46.795679,29.676939
1652,46.795594,29.677004
1652,46.795510,29.677070
1652,46.795510,29.677070
1653,46.795423,29.677148
1653,46.795335,29.677225
1654,46.795248,29.677302
1655,46.795160,29.677380
1655,46.795160,29.677380
1655,46.795066,29.677454
1656,46.794972,29.677528
1656,46.794878,29.677602
1657,46.794784,29.677676
1657,46.794690,29.677750
1657,46.794690,29.677750
1658,46.794600,29.677823
1659,46.794510,29.677897
1660,46.794420,29.677970
1660,46.794420,29.677970
1663,46.794330,29.678040
1663,46.794330,29.678040
1664,46.794247,29.678110
1665,46.794163,29.678180
1666,46.794080,29.678250
1666,46.794080,29.678250
1667,46.793995,29.678320
1668,46.793910,29.678390
1668,46.793910,29.678390
1669,46.793827,29.678450
1670,46.793743,29.678510
1671,46.793660,29.678570
1671,46.793660,29.678570
1674,46.793500,29.678690
1674,46.793500,29.678690
1676,46.793410,29.678730
1676,46.793410,29.678730
1677,46.793321,29.678780
1677,46.793233,29.678830
1678,46.793144,29.678880
1678,46.793056,29.678930
1678,46.792967,29.678980
1679,46.792879,29.679030
1679,46.792790,29.679080
1679,46.792790,29.679080
1680,46.792696,29.679130
1680,46.792602,29.679180
1681,46.792508,29.679230
1681,46.792414,29.679280
1682,46.792320,29.679330
1682,46.792320,29.679330
1682,46.792225,29.679382
1683,46.792130,29.679433
1683,46.792035,29.679485
1684,46.791940,29.679537
1684,46.791845,29.679588
1684,46.791750,29.679640
1684,46.791750,29.679640
1685,46.791657,29.679690
1686,46.791565,29.679740
1686,46.791472,29.679790
1687,46.791380,29.679840
1687,46.791380,29.679840
1688,46.791285,29.679890
1689,46.791190,29.679940
1689,46.791095,29.679990
1690,46.791000,29.680040
1690,46.791000,29.680040
1690,46.790900,29.680094
1691,46.790800,29.680148
1691,46.790700,29.680202
1692,46.790600,29.680256
1693,46.790500,29.680310
1693,46.790500,29.680310
1693,46.790410,29.680355
1694,46.790320,29.680400
1695,46.790230,29.680445
1695,46.790140,29.680490
1695,46.790140,29.680490
1696,46.790052,29.680537
1696,46.789963,29.680583
1697,46.789875,29.680630
1697,46.789787,29.680677
1698,46.789698,29.680723
1698,46.789610,29.680770
1698,46.789610,29.680770
1698,46.789513,29.680817
1699,46.789416,29.680864
1699,46.789319,29.680911
1700,46.789221,29.680959
1700,46.789124,29.681006
1700,46.789027,29.681053
1701,46.788930,29.681100
1701,46.788930,29.681100
1702,46.788830,29.681155
1703,46.788730,29.681210
1703,46.788730,29.681210
1705,46.788645,29.681260
1706,46.788560,29.681310
1706,46.788560,29.681310
1707,46.788472,29.681348
1707,46.788385,29.681385
1708,46.788297,29.681423
1709,46.788210,29.681460
1709,46.788210,29.681460
1709,46.788107,29.681508
1710,46.788005,29.681555
1711,46.787903,29.681603
1711,46.787800,29.681650
1711,46.787800,29.681650
1712,46.787687,29.681697
1713,46.787573,29.681743
1714,46.787460,29.681790
1714,46.787460,29.681790
1717,46.787360,29.681830
1717,46.787360,29.681830
1720,46.787290,29.681860
1720,46.787290,29.681860
1720,46.787195,29.681896
1720,46.787100,29.681933
1721,46.787005,29.681969
1721,46.786910,29.682005
1721,46.786815,29.682041
1722,46.786720,29.682077
1722,46.786625,29.682114
1722,46.786530,29.682150
1722,46.786530,29.682150
1723,46.786428,29.682192
1723,46.786326,29.682234
1724,46.786224,29.682276
1724,46.786122,29.682318
1725,46.786020,29.682360
1725,46.786020,29.682360
1725,46.785931,29.682397
1726,46.785843,29.682434
1726,46.785754,29.682471
1726,46.785666,29.682509
1727,46.785577,29.682546
1727,46.785489,29.682583
1728,46.785400,29.682620
1728,46.785400,29.682620
1729,46.785307,29.682663
1729,46.785213,29.682707
1730,46.785120,29.682750
1730,46.785120,29.682750
1731,46.785027,29.682787
1732,46.784933,29.682823
1733,46.784840,29.682860
1733,46.784840,29.682860
1734,46.784737,29.682903
1735,46.784633,29.682947
1736,46.784530,29.682990
1736,46.784530,29.682990
1738,46.784500,29.683000
1738,46.784500,29.683000
1739,46.784387,29.683050
1740,46.784273,29.683100
1741,46.784160,29.683150
1741,46.784160,29.683150
1744,46.784110,29.683170
1744,46.784110,29.683170
1747,46.783960,29.683240
1747,46.783960,29.683240
1748,46.783855,29.683285
1749,46.783750,29.683330
1749,46.783750,29.683330
1751,46.783660,29.683365
1752,46.783570,29.683400
1752,46.783570,29.683400
1755,46.783410,29.683440
1755,46.783410,29.683440
1757,46.783260,29.683470
1757,46.783260,29.683470
1758,46.783170,29.683483
1759,46.783080,29.683497
1760,46.782990,29.683510
1760,46.782990,29.683510
1760,46.782897,29.683522
1761,46.782803,29.683533
1761,46.782710,29.683545
1762,46.782617,29.683557
1762,46.782523,29.683568
1763,46.782430,29.683580
1763,46.782430,29.683580
1763,46.782334,29.683596
1764,46.782238,29.683612
1764,46.782142,29.683628
1765,46.782046,29.683644
1765,46.781950,29.683660
1765,46.781950,29.683660
1766,46.781847,29.683673
1767,46.781745,29.683685
1767,46.781643,29.683698
1768,46.781540,29.683710
1768,46.781540,29.683710
1771,46.781500,29.683720
1771,46.781500,29.683720
1772,46.781410,29.683733
1773,46.781320,29.683747
1774,46.781230,29.683760
1774,46.781230,29.683760
1775,46.781105,29.683780
1776,46.780980,29.683800
1776,46.780980,29.683800
1779,46.780810,29.683820
1779,46.780810,29.683820
1780,46.780715,29.683835
1782,46.780620,29.683850
1782,46.780620,29.683850
1784,46.780470,29.683880
1784,46.780470,29.683880
1787,46.780400,29.683880
1787,46.780400,29.683880
1788,46.780307,29.683893
1789,46.780213,29.683907
1790,46.780120,29.683920
1790,46.780120,29.683920
1790,46.780017,29.683935
1791,46.779915,29.683950
1792,46.779812,29.683965
1792,46.779710,29.683980
1792,46.779710,29.683980
1793,46.779620,29.683993
1793,46.779530,29.684007
1794,46.779440,29.684020
1794,46.779350,29.684033
1795,46.779260,29.684047
1795,46.779170,29.684060
1795,46.779170,29.684060
1795,46.779077,29.684074
1795,46.778984,29.684089
1795,46.778891,29.684103
1796,46.778798,29.684117
1796,46.778705,29.684132
1796,46.778612,29.684146
1796,46.778519,29.684160
1796,46.778426,29.684175
1796,46.778333,29.684189
1796,46.778240,29.684203
1796,46.778147,29.684218
1797,46.778053,29.684232
1797,46.777960,29.684247
1797,46.777867,29.684261
1797,46.777774,29.684275
1797,46.777681,29.684290
1797,46.777588,29.684304
1797,46.777495,29.684318
1797,46.777402,29.684333
1797,46.777309,29.684347
1798,46.777216,29.684361
1798,46.777123,29.684376
1798,46.777030,29.684390
1798,46.777030,29.684390
1799,46.776940,29.684395
1801,46.776850,29.684400
1801,46.776850,29.684400
1802,46.776725,29.684435
1803,46.776600,29.684470
1803,46.776600,29.684470
1805,46.776475,29.684490
1806,46.776350,29.684510
1806,46.776350,29.684510
1806,46.776258,29.684524
1807,46.776166,29.684538
1808,46.776074,29.684552
1808,46.775982,29.684566
1809,46.775890,29.684580
1809,46.775890,29.684580
1809,46.775787,29.684593
1810,46.775685,29.684605
1811,46.775582,29.684617
1811,46.775480,29.684630
1811,46.775480,29.684630
1814,46.775440,29.684640
1814,46.775440,29.684640
1815,46.775343,29.684653
1816,46.775247,29.684667
1817,46.775150,29.684680
1817,46.775150,29.684680
1819,46.775100,29.684690
1819,46.775100,29.684690
1820,46.774990,29.684705
1821,46.774880,29.684720
1821,46.774770,29.684735
1822,46.774660,29.684750
1822,46.774660,29.684750
1823,46.774563,29.684767
1823,46.774465,29.684785
1824,46.774367,29.684802
1825,46.774270,29.684820
1825,46.774270,29.684820
1828,46.774220,29.684830
1828,46.774220,29.684830
1829,46.774110,29.684850
1830,46.774000,29.684870
1830,46.774000,29.684870
1832,46.773885,29.684900
1833,46.773770,29.684930
1833,46.773770,29.684930
1834,46.773660,29.684970
1836,46.773550,29.685010
1836,46.773550,29.685010
1836,46.773443,29.685052
1837,46.773335,29.685095
1838,46.773227,29.685137
1838,46.773120,29.685180
1838,46.773120,29.685180
1840,46.773020,29.685215
1841,46.772920,29.685250
1841,46.772920,29.685250
1841,46.772824,29.685303
1842,46.772729,29.685356
1842,46.772633,29.685409
1843,46.772537,29.685461
1843,46.772441,29.685514
1843,46.772346,29.685567
1844,46.772250,29.685620
1844,46.772250,29.685620
1845,46.772157,29.685647
1846,46.772063,29.685673
1846,46.771970,29.685700
1846,46.771970,29.685700
1847,46.771870,29.685730
1848,46.771770,29.685760
1849,46.771670,29.685790
1849,46.771670,29.685790
1850,46.771567,29.685812
1850,46.771463,29.685833
1850,46.771360,29.685855
1851,46.771257,29.685877
1851,46.771153,29.685898
1852,46.771050,29.685920
1852,46.771050,29.685920
1852,46.770944,29.685946
1853,46.770838,29.685972
1853,46.770732,29.685998
1854,46.770626,29.686024
1854,46.770520,29.686050
1854,46.770520,29.686050
1855,46.770428,29.686066
1856,46.770336,29.686082
1856,46.770244,29.686098
1857,46.770152,29.686114
1857,46.770060,29.686130
1857,46.770060,29.686130
1858,46.769958,29.686152
1859,46.769855,29.686175
1859,46.769752,29.686197
1860,46.769650,29.686220
1860,46.769650,29.686220
1861,46.769555,29.686232
1861,46.769460,29.686245
1862,46.769365,29.686257
1863,46.769270,29.686270
1863,46.769270,29.686270
1864,46.769174,29.686284
1865,46.769078,29.686298
1866,46.768982,29.686312
1867,46.768886,29.686326
1868,46.768790,29.686340
1868,46.768790,29.686340
1870,46.768683,29.686357
1871,46.768575,29.686375
1873,46.768467,29.686393
1874,46.768360,29.686410
1874,46.768360,29.686410
1875,46.768270,29.686423
1875,46.768180,29.686437
1876,46.768090,29.686450
1876,46.768000,29.686463
1877,46.767910,29.686477
1877,46.767820,29.686490
1878,46.767730,29.686503
1878,46.767640,29.686517
1879,46.767550,29.686530
1879,46.767460,29.686543
1880,46.767370,29.686557
1880,46.767280,29.686570
1880,46.767280,29.686570
1880,46.767185,29.686584
1881,46.767091,29.686598
1881,46.766996,29.686612
1881,46.766901,29.686626
1882,46.766806,29.686641
1882,46.766712,29.686655
1882,46.766617,29.686669
1883,46.766522,29.686683
1883,46.766428,29.686697
1884,46.766333,29.686711
1884,46.766238,29.686725
1884,46.766144,29.686739
1885,46.766049,29.686754
1885,46.765954,29.686768
1885,46.765859,29.686782
1886,46.765765,29.686796
1886,46.765670,29.686810
1886,46.765670,29.686810
1887,46.765577,29.686829
1887,46.765485,29.686847
1888,46.765392,29.686866
1889,46.765300,29.686885
1890,46.765208,29.686904
1890,46.765115,29.686923
1891,46.765023,29.686941
1892,46.764930,29.686960
1892,46.764930,29.686960
1892,46.764834,29.686979
1893,46.764737,29.686998
1893,46.764641,29.687017
1894,46.764545,29.687036
1894,46.764448,29.687055
1895,46.764352,29.687075
1895,46.764255,29.687094
1896,46.764159,29.687113
1897,46.764063,29.687132
1897,46.763966,29.687151
1898,46.763870,29.687170
1898,46.763870,29.687170
1901,46.763780,29.687190
1903,46.763690,29.687210
1903,46.763690,29.687210
1904,46.763601,29.687228
1904,46.763512,29.687247
1905,46.763422,29.687265
1905,46.763333,29.687283
1906,46.763244,29.687302
1906,46.763155,29.687320
1907,46.763066,29.687338
1907,46.762977,29.687357
1908,46.762887,29.687375
1908,46.762798,29.687393
1909,46.762709,29.687412
1909,46.762620,29.687430
1909,46.762620,29.687430
1912,46.762530,29.687445
1915,46.762440,29.687460
1915,46.762440,29.687460
1915,46.762348,29.687477
1915,46.762256,29.687495
1916,46.762165,29.687512
1916,46.762073,29.687529
1916,46.761981,29.687546
1916,46.761889,29.687564
1916,46.761797,29.687581
1917,46.761705,29.687598
1917,46.761614,29.687615
1917,46.761522,29.687633
1917,46.761430,29.687650
1917,46.761338,29.687667
1917,46.761246,29.687685
1918,46.761155,29.687702
1918,46.761063,29.687719
1918,46.760971,29.687736
1918,46.760879,29.687754
1918,46.760787,29.687771
1918,46.760695,29.687788
1919,46.760604,29.687805
1919,46.760512,29.687823
1919,46.760420,29.687840
1919,46.760328,29.687857
1919,46.760236,29.687875
1920,46.760145,29.687892
1920,46.760053,29.687909
1920,46.759961,29.687926
1920,46.759869,29.687944
1920,46.759777,29.687961
1920,46.759685,29.687978
1921,46.759594,29.687995
1921,46.759502,29.688013
1921,46.759410,29.688030
1921,46.759410,29.688030
1922,46.759311,29.688049
1922,46.759212,29.688068
1923,46.759113,29.688087
1924,46.759014,29.688106
1924,46.758916,29.688124
1925,46.758817,29.688143
1925,46.758718,29.688162
1926,46.758619,29.688181
1927,46.758520,29.688200
1927,46.758520,29.688200
1928,46.758429,29.688220
1928,46.758337,29.688240
1929,46.758246,29.688260
1930,46.758155,29.688280
1931,46.758064,29.688300
1931,46.757973,29.688320
1932,46.757881,29.688340
1933,46.757790,29.688360
1933,46.757790,29.688360
1934,46.757686,29.688380
1935,46.757582,29.688400
1937,46.757478,29.688420
1938,46.757374,29.688440
1939,46.757270,29.688460
1939,46.757270,29.688460
1939,46.757179,29.688477
1940,46.757087,29.688493
1940,46.756996,29.688510
1941,46.756905,29.688527
1941,46.756813,29.688543
1941,46.756722,29.688560
1942,46.756631,29.688577
1942,46.756539,29.688593
1943,46.756448,29.688610
1943,46.756357,29.688627
1943,46.756265,29.688643
1944,46.756174,29.688660
1944,46.756083,29.688677
1945,46.755991,29.688693
1945,46.755900,29.688710
1945,46.755900,29.688710
1948,46.755775,29.688735
1951,46.755650,29.688760
1951,46.755650,29.688760
1952,46.755556,29.688777
1953,46.755461,29.688793
1953,46.755367,29.688810
1954,46.755272,29.688827
1955,46.755178,29.688843
1955,46.755083,29.688860
1956,46.754989,29.688877
1957,46.754894,29.688893
1957,46.754800,29.688910
1957,46.754800,29.688910
1963,46.754780,29.688920
1963,46.754780,29.688920
1964,46.754684,29.688946
1965,46.754587,29.688972
1966,46.754491,29.688999
1966,46.754395,29.689025
1967,46.754299,29.689051
1968,46.754202,29.689077
1969,46.754106,29.689104
1970,46.754010,29.689130
1970,46.754010,29.689130
1971,46.753903,29.689162
1973,46.753795,29.689195
1974,46.753687,29.689228
1976,46.753580,29.689260
1976,46.753580,29.689260
1976,46.753491,29.689284
1976,46.753402,29.689309
1977,46.753313,29.689333
1977,46.753224,29.689358
1977,46.753136,29.689382
1978,46.753047,29.689407
1978,46.752958,29.689431
1978,46.752869,29.689456
1979,46.752780,29.689480
1979,46.752691,29.689504
1979,46.752602,29.689529
1980,46.752513,29.689553
1980,46.752424,29.689578
1980,46.752336,29.689602
1981,46.752247,29.689627
1981,46.752158,29.689651
1981,46.752069,29.689676
1982,46.751980,29.689700
1982,46.751980,29.689700
1988,46.751950,29.689720
1988,46.751950,29.689720
1990,46.751860,29.689753
1992,46.751770,29.689787
1994,46.751680,29.689820
1994,46.751680,29.689820
1997,46.751575,29.689880
2000,46.751470,29.689940
2000,46.751470,29.689940
2003,46.751385,29.689985
2006,46.751300,29.690030
2006,46.751300,29.690030
2007,46.751217,29.690087
2008,46.751133,29.690143
2009,46.751050,29.690200
2010,46.750967,29.690257
2011,46.750883,29.690313
2012,46.750800,29.690370
2012,46.750800,29.690370
2018,46.750650,29.690480
2018,46.750650,29.690480
2019,46.750559,29.690539
2020,46.750467,29.690598
2021,46.750376,29.690656
2021,46.750285,29.690715
2022,46.750194,29.690774
2023,46.750103,29.690832
2024,46.750011,29.690891
2024,46.749920,29.690950
2024,46.749920,29.690950
2025,46.749835,29.691005
2026,46.749749,29.691059
2026,46.749664,29.691114
2027,46.749578,29.691168
2027,46.749493,29.691223
2028,46.749407,29.691277
2028,46.749322,29.691332
2029,46.749236,29.691386
2029,46.749151,29.691441
2030,46.749065,29.691495
2031,46.748980,29.691550
2031,46.748980,29.691550
2037,46.748970,29.691560
2037,46.748970,29.691560
2038,46.748880,29.691622
2039,46.748790,29.691684
2040,46.748700,29.691746
2042,46.748610,29.691808
2043,46.748520,29.691870
2043,46.748520,29.691870
2044,46.748442,29.691935
2045,46.748363,29.692000
2046,46.748285,29.692065
2047,46.748207,29.692130
2048,46.748128,29.692195
2049,46.748050,29.692260
2049,46.748050,29.692260
2050,46.747963,29.692332
2050,46.747877,29.692404
2051,46.747790,29.692477
2052,46.747703,29.692549
2052,46.747617,29.692621
2053,46.747530,29.692693
2054,46.747443,29.692766
2054,46.747357,29.692838
2055,46.747270,29.692910
2055,46.747270,29.692910
2061,46.747260,29.692920
2061,46.747260,29.692920
2062,46.747177,29.692988
2062,46.747094,29.693055
2062,46.747011,29.693123
2063,46.746927,29.693190
2063,46.746844,29.693258
2063,46.746761,29.693325
2064,46.746678,29.693393
2064,46.746595,29.693460
2065,46.746512,29.693527
2065,46.746429,29.693595
2065,46.746346,29.693662
2066,46.746263,29.693730
2066,46.746179,29.693797
2066,46.746096,29.693865
2067,46.746013,29.693932
2067,46.745930,29.694000
2067,46.745930,29.694000
2068,46.745848,29.694070
2069,46.745765,29.694140
2070,46.745683,29.694210
2070,46.745600,29.694280
2071,46.745517,29.694350
2072,46.745435,29.694420
2073,46.745352,29.694490
2073,46.745270,29.694560
2073,46.745270,29.694560
2074,46.745191,29.694626
2075,46.745112,29.694692
2076,46.745034,29.694759
2076,46.744955,29.694825
2077,46.744876,29.694891
2078,46.744797,29.694958
2079,46.744719,29.695024
2079,46.744640,29.695090
2079,46.744640,29.695090
2086,46.744610,29.695120
2086,46.744610,29.695120
2086,46.744531,29.695197
2087,46.744453,29.695274
2088,46.744374,29.695351
2089,46.744296,29.695429
2090,46.744217,29.695506
2091,46.744139,29.695583
2092,46.744060,29.695660
2092,46.744060,29.695660
2093,46.743985,29.695737
2095,46.743910,29.695815
2096,46.743835,29.695892
2098,46.743760,29.695970
2098,46.743760,29.695970
2098,46.743687,29.696047
2099,46.743613,29.696123
2099,46.743540,29.696200
2100,46.743467,29.696277
2100,46.743393,29.696353
2101,46.743320,29.696430
2101,46.743247,29.696507
2102,46.743173,29.696583
2102,46.743100,29.696660
2103,46.743027,29.696737
2103,46.742953,29.696813
2104,46.742880,29.696890
2104,46.742880,29.696890
2105,46.742806,29.696970
2106,46.742731,29.697050
2107,46.742657,29.697130
2107,46.742583,29.697210
2108,46.742509,29.697290
2109,46.742434,29.697370
2110,46.742360,29.697450
2110,46.742360,29.697450
2112,46.742278,29.697520
2113,46.742195,29.697590
2115,46.742112,29.697660
2116,46.742030,29.697730
2116,46.742030,29.697730
2119,46.741920,29.697790
2122,46.741810,29.697850
2122,46.741810,29.697850
2128,46.741760,29.697880
2128,46.741760,29.697880
2129,46.741673,29.697924
2130,46.741586,29.697969
2131,46.741499,29.698013
2132,46.741411,29.698057
2133,46.741324,29.698101
2134,46.741237,29.698146
2134,46.741150,29.698190
2134,46.741150,29.698190
2135,46.741061,29.698232
2135,46.740971,29.698275
2136,46.740882,29.698318
2136,46.740792,29.698360
2136,46.740703,29.698403
2137,46.740614,29.698445
2137,46.740524,29.698487
2137,46.740435,29.698530
2138,46.740346,29.698573
2138,46.740256,29.698615
2139,46.740167,29.698657
2139,46.740077,29.698700
2139,46.739988,29.698742
2140,46.739899,29.698785
2140,46.739809,29.698828
2141,46.739720,29.698870
2141,46.739720,29.698870
2141,46.739633,29.698917
2141,46.739545,29.698965
2142,46.739458,29.699012
2142,46.739371,29.699059
2143,46.739283,29.699107
2143,46.739196,29.699154
2143,46.739109,29.699201
2144,46.739021,29.699249
2144,46.738934,29.699296
2145,46.738847,29.699343
2145,46.738759,29.699391
2145,46.738672,29.699438
2146,46.738585,29.699485
2146,46.738497,29.699533
2147,46.738410,29.699580
2147,46.738410,29.699580
2147,46.738378,29.699453
2148,46.738347,29.699327
2148,46.738315,29.699200
2148,46.738283,29.699073
2149,46.738252,29.698947
2149,46.738220,29.698820
2150,46.738188,29.698693
2150,46.738157,29.698567
2150,46.738125,29.698440
2151,46.738093,29.698313
2151,46.738062,29.698187
2152,46.738030,29.698060
2152,46.738030,29.698060
2153,46.737990,29.697907
2155,46.737950,29.697753
2157,46.737910,29.697600
2157,46.737910,29.697600
2158,46.737873,29.697458
2159,46.737837,29.697317
2159,46.737800,29.697175
2160,46.737763,29.697033
2161,46.737727,29.696892
2162,46.737690,29.696750
2162,46.737690,29.696750
2167,46.737680,29.696740
2167,46.737680,29.696740
2168,46.737656,29.696613
2168,46.737632,29.696485
2169,46.737609,29.696357
2170,46.737585,29.696230
2170,46.737561,29.696103
2171,46.737538,29.695975
2172,46.737514,29.695847
2172,46.737490,29.695720
2172,46.737490,29.695720
2177,46.737480,29.695710
2177,46.737480,29.695710
2178,46.737456,29.695564
2179,46.737431,29.695419
2179,46.737407,29.695273
2180,46.737383,29.695127
2181,46.737359,29.694981
2182,46.737334,29.694836
2182,46.737310,29.694690
2182,46.737310,29.694690
2184,46.737287,29.694533
2186,46.737263,29.694377
2187,46.737240,29.694220
2187,46.737240,29.694220
2188,46.737214,29.694068
2189,46.737188,29.693916
2191,46.737162,29.693764
2192,46.737136,29.693612
2193,46.737110,29.693460
2193,46.737110,29.693460
2195,46.737060,29.693380
2195,46.737060,29.693380
2198,46.737020,29.693340
2198,46.737020,29.693340
2201,46.736900,29.693240
2201,46.736900,29.693240
2204,46.736840,29.693210
2204,46.736840,29.693210
2205,46.736740,29.693230
2206,46.736640,29.693250
2206,46.736540,29.693270
2207,46.736440,29.693290
2207,46.736440,29.693290
2210,46.736420,29.693300
2210,46.736420,29.693300
2210,46.736325,29.693332
2210,46.736230,29.693364
2211,46.736135,29.693396
2211,46.736040,29.693428
2211,46.735945,29.693460
2212,46.735850,29.693492
2212,46.735755,29.693524
2212,46.735660,29.693556
2213,46.735565,29.693588
2213,46.735470,29.693620
2213,46.735470,29.693620
2214,46.735353,29.693657
2215,46.735237,29.693693
2216,46.735120,29.693730
2216,46.735120,29.693730
2216,46.735025,29.693763
2216,46.734929,29.693795
2216,46.734834,29.693828
2217,46.734738,29.693861
2217,46.734643,29.693894
2217,46.734547,29.693926
2218,46.734452,29.693959
2218,46.734356,29.693992
2218,46.734261,29.694025
2218,46.734165,29.694057
2219,46.734070,29.694090
2219,46.734070,29.694090
2220,46.733960,29.694130
2221,46.733850,29.694170
2221,46.733850,29.694170
2222,46.733750,29.694203
2223,46.733650,29.694237
2224,46.733550,29.694270
2224,46.733550,29.694270
2226,46.733445,29.694345
2227,46.733340,29.694420
2227,46.733340,29.694420
2228,46.733258,29.694485
2229,46.733175,29.694550
2229,46.733092,29.694615
2230,46.733010,29.694680
2230,46.733010,29.694680
2231,46.732930,29.694752
2231,46.732850,29.694824
2232,46.732770,29.694896
2232,46.732690,29.694968
2233,46.732610,29.695040
2233,46.732610,29.695040
2234,46.732528,29.695102
2235,46.732445,29.695165
2235,46.732363,29.695228
2236,46.732280,29.695290
2236,46.732280,29.695290
2239,46.732260,29.695300
2239,46.732260,29.695300
2240,46.732187,29.695387
2241,46.732113,29.695473
2242,46.732040,29.695560
2242,46.732040,29.695560
2242,46.731962,29.695654
2243,46.731884,29.695748
2243,46.731806,29.695842
2244,46.731728,29.695936
2245,46.731650,29.696030
2245,46.731650,29.696030
2245,46.731574,29.696106
2246,46.731498,29.696182
2246,46.731422,29.696258
2247,46.731346,29.696334
2248,46.731270,29.696410
2248,46.731270,29.696410
2248,46.731187,29.696481
2248,46.731104,29.696553
2249,46.731021,29.696624
2249,46.730939,29.696696
2250,46.730856,29.696767
2250,46.730773,29.696839
2250,46.730690,29.696910
2250,46.730690,29.696910
2251,46.730610,29.696973
2251,46.730530,29.697037
2251,46.730450,29.697100
2252,46.730370,29.697163
2252,46.730290,29.697227
2252,46.730210,29.697290
2253,46.730130,29.697353
2253,46.730050,29.697417
2253,46.729970,29.697480
2253,46.729970,29.697480
2253,46.729885,29.697536
2254,46.729800,29.697591
2254,46.729715,29.697647
2254,46.729630,29.697702
2254,46.729545,29.697758
2254,46.729460,29.697814
2255,46.729375,29.697869
2255,46.729290,29.697925
2255,46.729205,29.697981
2255,46.729120,29.698036
2255,46.729035,29.698092
2255,46.728950,29.698148
2256,46.728865,29.698203
2256,46.728780,29.698259
2256,46.728695,29.698314
2256,46.728610,29.698370
2256,46.728610,29.698370
2257,46.728523,29.698429
2257,46.728436,29.698487
2257,46.728349,29.698546
2258,46.728261,29.698604
2258,46.728174,29.698663
2259,46.728087,29.698721
2259,46.728000,29.698780
2259,46.728000,29.698780
2260,46.727917,29.698833
2260,46.727834,29.698886
2260,46.727751,29.698939
2261,46.727669,29.698991
2261,46.727586,29.699044
2262,46.727503,29.699097
2262,46.727420,29.699150
2262,46.727420,29.699150
2262,46.727328,29.699203
2263,46.727237,29.699257
2263,46.727145,29.699310
2264,46.727053,29.699363
2264,46.726962,29.699417
2265,46.726870,29.699470
2265,46.726870,29.699470
2266,46.726765,29.699525
2268,46.726660,29.699580
2268,46.726660,29.699580
2271,46.726570,29.699620
2271,46.726570,29.699620
2271,46.726477,29.699653
2271,46.726384,29.699686
2272,46.726291,29.699719
2272,46.726199,29.699751
2273,46.726106,29.699784
2273,46.726013,29.699817
2274,46.725920,29.699850
2274,46.725920,29.699850
2276,46.725780,29.699900
2276,46.725780,29.699900
2278,46.725670,29.699935
2279,46.725560,29.699970
2279,46.725560,29.699970
2280,46.725473,29.700007
2281,46.725385,29.700045
2282,46.725297,29.700083
2282,46.725210,29.700120
2282,46.725210,29.700120
2283,46.725105,29.700162
2284,46.725000,29.700205
2284,46.724895,29.700247
2285,46.724790,29.700290
2285,46.724790,29.700290
2285,46.724703,29.700327
2286,46.724617,29.700365
2286,46.724530,29.700402
2286,46.724443,29.700439
2286,46.724357,29.700477
2286,46.724270,29.700514
2286,46.724183,29.700551
2287,46.724097,29.700589
2287,46.724010,29.700626
2287,46.723923,29.700663
2287,46.723837,29.700701
2287,46.723750,29.700738
2288,46.723663,29.700775
2288,46.723577,29.700813
2288,46.723490,29.700850
2288,46.723490,29.700850
2289,46.723380,29.700897
2290,46.723270,29.700943
2291,46.723160,29.700990
2291,46.723160,29.700990
2291,46.723072,29.701030
2292,46.722983,29.701070
2292,46.722895,29.701110
2293,46.722807,29.701150
2293,46.722718,29.701190
2294,46.722630,29.701230
2294,46.722630,29.701230
2294,46.722539,29.701270
2294,46.722448,29.701310
2295,46.722357,29.701350
2295,46.722266,29.701390
2295,46.722175,29.701430
2295,46.722085,29.701470
2296,46.721994,29.701510
2296,46.721903,29.701550
2296,46.721812,29.701590
2296,46.721721,29.701630
2297,46.721630,29.701670
2297,46.721630,29.701670
2300,46.721590,29.701690
2300,46.721590,29.701690
2302,46.721450,29.701750
2302,46.721450,29.701750
2305,46.721360,29.701790
2305,46.721360,29.701790
2308,46.721190,29.701860
2308,46.721190,29.701860
2309,46.721085,29.701905
2310,46.720980,29.701950
2310,46.720875,29.701995
2311,46.720770,29.702040
2311,46.720770,29.702040
2313,46.720680,29.702070
2314,46.720590,29.702100
2314,46.720590,29.702100
2317,46.720580,29.702100
2317,46.720580,29.702100
2320,46.720550,29.702120
2320,46.720550,29.702120
2323,46.720500,29.702140
2323,46.720500,29.702140
2326,46.720460,29.702170
2326,46.720460,29.702170
2327,46.720375,29.702230
2329,46.720290,29.702290
2329,46.720290,29.702290
2330,46.720205,29.702375
2331,46.720120,29.702460
2331,46.720120,29.702460
2333,46.720035,29.702560
2334,46.719950,29.702660
2334,46.719950,29.702660
2337,46.719900,29.702720
2337,46.719900,29.702720
2340,46.719830,29.702800
2340,46.719830,29.702800
2341,46.719760,29.702883
2342,46.719690,29.702967
2343,46.719620,29.703050
2343,46.719620,29.703050
2346,46.719610,29.703070
2346,46.719610,29.703070
2347,46.719518,29.703153
2347,46.719425,29.703235
2348,46.719333,29.703317
2349,46.719240,29.703400
2349,46.719240,29.703400
2352,46.719200,29.703430
